state	time	hour	Archive	Bar	Dew_Pt	Heat_Index	Hi	Hi_Temp	Hum_In	Hum_Out	Low_Temp	Rain	Temp_In	Temp_Out	Wind_Chill	Wind_Speed
New York	2018-04-15T00:00:00.000Z	12AM	 1	29.557	30.9	32.3	8	32.5	36	94	32.4	0	54.8	32.4	27.5	5
New York	2018-04-15T01:00:00.000Z	1AM	  1	29.594	27	36.6	9	37.4	30	66	37.3	0	61.7	37.3	32.5	6
New York	2018-04-15T02:00:00.000Z	2AM	  1	29.597	29.2	35.3	7	35.8	31	77	35.7	0	61.2	35.7	32.4	4
New York	2018-04-15T03:00:00.000Z	3AM	  1	29.593	28.6	35.7	7	36.1	31	74	36.1	0	60.7	36.1	32.8	4
New York	2018-04-15T04:00:00.000Z	4AM	  1	29.612	30.5	35.2	5	35.5	31	82	35.4	0	60.2	35.5	34.8	2
New York	2018-04-15T05:00:00.000Z	5AM	  1	29.617	31.2	33.9	5	34.1	31	89	34.1	0	59.6	34.1	33.3	2
New York	2018-04-15T06:00:00.000Z	6AM	  1	29.634	30.2	34.2	7	34.5	32	84	34.5	0	59.2	34.5	30	5
New York	2018-04-15T07:00:00.000Z	7AM	  1	29.645	29	34.9	8	35.2	32	78	35.1	0	59	35.2	31.8	4
New York	2018-04-15T08:00:00.000Z	8AM 	1	29.67	28.8	34.9	5	35.3	31	77	35.3	0	59	35.3	33	3
New York	2018-04-15T09:00:00.000Z	9AM	  1	29.685	29.3	35.7	8	36.1	31	76	36	0	59.2	36.1	31.9	5
New York	2018-04-15T10:00:00.000Z	10AM	 1	29.688	30.5	36.6	10	37	31	77	36.9	0	59.9	37	31.5	7
New York	2018-04-15T11:00:00.000Z	11AM	 1	29.702	30.1	36.2	12	36.6	30	77	36.6	0	60.4	36.6	31	7
New York	2018-04-15T12:00:00.000Z	12PM	 1	29.712	30.1	35.7	7	36	31	79	35.9	0	61	36	33.8	3
New York	2018-04-15T13:00:00.000Z	1PM	  1	29.693	28.7	37	12	37.6	31	70	37.6	0	62	37.6	32.2	7
New York	2018-04-15T14:00:00.000Z	2PM	  1	29.668	29.7	38.4	11	39	30	69	39	0	62.7	39	35.3	5
New York	2018-04-15T15:00:00.000Z	3PM	  1	29.657	29.8	38.5	15	39.2	30	69	39.1	0	62.4	39.1	33.5	8
New York	2018-04-15T16:00:00.000Z	4PM	  1	29.639	29.8	38.9	10	39.5	31	68	39.4	0	61.9	39.5	35.2	6
New York	2018-04-15T17:00:00.000Z	5PM	  1	29.632	29.6	38.7	11	39.3	32	68	39.2	0	61.2	39.3	34.9	6
New York	2018-04-15T18:00:00.000Z	6PM	  1	29.638	30	37.7	7	38.2	32	72	38.2	0	60	38.2	34.4	5
New York	2018-04-15T19:00:00.000Z	7PM	  1	29.636	30.6	34.7	6	34.9	33	84	34.8	0	58.9	34.9	31.4	4
New York	2018-04-15T20:00:00.000Z	8PM	  1	29.622	31.4	33.5	8	33.7	34	91	33.7	0	57.6	33.7	29.1	5
New York	2018-04-15T21:00:00.000Z	9PM	  1	29.611	31.4	33.3	6	33.6	34	92	33.5	0	56.8	33.5	31	3
New York	2018-04-15T22:00:00.000Z	10PM	 1	29.611	30.8	32.7	10	32.9	35	92	32.9	0	56.2	32.9	27.3	6
New York	2018-04-15T23:00:00.000Z	11PM	 1	29.584	30.9	32.3	6	32.4	35	94	32.4	0	55.4	32.4	29.8	3
New York	2018-04-16T00:00:00.000Z	12AM	 1	28.968	35.2	40.6	6	41	43	80	40.9	0	59.3	40.9	38.4	4
New York	2018-04-16T01:00:00.000Z	1AM	  1	29.535	30.9	32.3	5	32.4	36	94	32.4	0	54.5	32.4	28.5	4
New York	2018-04-16T02:00:00.000Z	2AM 	1	29.496	31	32.4	8	32.5	37	94	32.5	0.01	54.2	32.5	28.7	4
New York	2018-04-16T03:00:00.000Z	3AM	  1	29.436	31.1	32.5	8	32.6	37	94	32.6	0	53.9	32.6	28.8	4
New York	2018-04-16T04:00:00.000Z	4AM	  1	29.389	31.5	32.7	4	32.9	38	95	32.8	0	53.7	32.8	30.2	3
New York	2018-04-16T05:00:00.000Z	5AM	  1	29.334	31.7	33.1	10	33.3	38	94	33.2	0	53.3	33.2	28.5	5
New York	2018-04-16T06:00:00.000Z	6AM	  1	29.289	32	33.2	6	33.3	39	95	33.2	0	53.1	33.3	29.6	4
New York	2018-04-16T07:00:00.000Z	7AM	  1	29.252	33.5	34.8	9	34.8	39	95	34.7	0.01	53.2	34.8	30.4	5
New York	2018-04-16T08:00:00.000Z	8AM	  1	29.203	33.9	35.2	6	35.2	40	95	35.2	0.01	53.2	35.2	32.9	3
New York	2018-04-16T09:00:00.000Z	9AM	  1	29.164	34.8	35.8	8	35.8	42	96	35.8	0	59.9	35.8	32.5	4
New York	2018-04-16T10:00:00.000Z	10AM	 1	29.131	36.3	37.3	9	37.3	39	96	37.2	0.01	63.2	37.3	32.5	6
New York	2018-04-16T11:00:00.000Z	11AM	 1	29.084	37.1	38.4	7	38.4	39	95	38.3	0.01	66.4	38.4	36.6	3
New York	2018-04-16T12:00:00.000Z	12PM	 1	28.936	38.3	39.4	17	39.3	37	96	39.2	0	68.3	39.3	34.3	7
New York	2018-04-16T13:00:00.000Z	1PM	  1	28.937	40.2	41.4	8	41.3	38	96	41.2	0	68.6	41.3	38.8	4
New York	2018-04-16T14:00:00.000Z	2PM	  1	28.887	44.6	46.3	7	46	37	95	46	0	71.1	46	45.2	3
New York	2018-04-16T15:00:00.000Z	3PM	  1	28.856	43.2	44.5	2	44.3	38	96	44.2	0	70.4	44.3	44.3	1
New York	2018-04-16T16:00:00.000Z	4PM	  1	28.829	45.8	47	4	46.7	40	97	46.6	0	70.7	46.6	46.6	1
New York	2018-04-16T17:00:00.000Z	5PM	  1	28.782	48	49.3	4	48.8	39	97	48.7	0	71.9	48.8	48.3	3
New York	2018-04-16T18:00:00.000Z	6PM	  1	28.798	49.1	50.7	2	50.2	40	96	50.2	0	70.8	50.2	50.2	1
New York	2018-04-16T19:00:00.000Z	7PM	  1	28.832	47.2	49.8	4	49.4	43	92	49.4	0	67.4	49.4	49.4	2
New York	2018-04-16T20:00:00.000Z	8PM	  1	28.866	44.4	47.4	16	47.4	45	90	47.2	0	65	47.2	43.8	7
New York	2018-04-16T21:00:00.000Z	9PM	  1	28.913	40.1	43.9	6	44.1	45	86	44	0	62.6	44	41.9	4
New York	2018-04-16T22:00:00.000Z	10PM	 1	28.941	37.6	42.5	10	42.7	44	82	42.7	0	60.6	42.7	37.9	8
New York	2018-04-16T23:00:00.000Z	11PM	 1	28.959	36.7	41.3	10	41.5	43	83	41.5	0	59.8	41.5	36.9	7
New York	2018-04-17T00:00:00.000Z	12AM	 1	28.968	35.2	40.6	6	41	43	80	40.9	0	59.3	40.9	38.4	4
New York	2018-04-17T01:00:00.000Z	1AM	  1	28.98	33.6	39.8	12	40.2	41	77	40.2	0	58.9	40.2	34.8	8
New York	2018-04-17T02:00:00.000Z	2AM	  1	28.991	33.4	39.3	5	39.7	41	78	39.6	0	58.4	39.7	39.4	2
New York	2018-04-17T03:00:00.000Z	3AM	  1	28.998	32.8	38.8	10	39.1	40	78	39.1	0	58.5	39.1	35.4	5
New York	2018-04-17T04:00:00.000Z	4AM	  1	29.001	31.6	38.5	4	38.9	39	75	38.9	0	58	38.9	37.1	3
New York	2018-04-17T05:00:00.000Z	5AM	  1	28.997	31.6	37.2	3	37.5	39	79	37.4	0	57.5	37.5	37	2
New York	2018-04-17T06:00:00.000Z	6AM	  1	28.996	32.1	36.3	5	36.5	39	84	36.4	0	57.2	36.5	33.3	4
New York	2018-04-17T07:00:00.000Z	7AM	  1	29.009	32	36.2	6	36.4	39	84	36.4	0	57.3	36.4	34.3	3
New York	2018-04-17T08:00:00.000Z	8AM	  1	29.015	32.6	37.1	3	37.3	38	83	37.2	0	57.9	37.3	36.8	2
New York	2018-04-17T09:00:00.000Z	9AM	  1	29.594	27	36.6	9	37.4	30	66	37.3	0	61.7	37.3	32.5	6
New York	2018-04-17T10:00:00.000Z	10AM	 1	29.597	29.2	35.3	7	35.8	31	77	35.7	0	61.2	35.7	32.4	4
New York	2018-04-17T11:00:00.000Z	11AM	 1	29.593	28.6	35.7	7	36.1	31	74	36.1	0	60.7	36.1	32.8	4
New York	2018-04-17T12:00:00.000Z	12PM	 1	29.612	30.5	35.2	5	35.5	31	82	35.4	0	60.2	35.5	34.8	2
New York	2018-04-17T13:00:00.000Z	1PM	  1	29.617	31.2	33.9	5	34.1	31	89	34.1	0	59.6	34.1	33.3	2
New York	2018-04-17T14:00:00.000Z	2PM	  1	29.634	30.2	34.2	7	34.5	32	84	34.5	0	59.2	34.5	30	5
New York	2018-04-17T15:00:00.000Z	3PM	  1	29.645	29	34.9	8	35.2	32	78	35.1	0	59	35.2	31.8	4
New York	2018-04-17T16:00:00.000Z	4PM	  1	29.67	28.8	34.9	5	35.3	31	77	35.3	0	59	35.3	33	3
New York	2018-04-17T17:00:00.000Z	5PM	  1	29.685	29.3	35.7	8	36.1	31	76	36	0	59.2	36.1	31.9	5
New York	2018-04-17T18:00:00.000Z	6PM 	1	29.688	30.5	36.6	10	37	31	77	36.9	0	59.9	37	31.5	7
New York	2018-04-17T19:00:00.000Z	7PM	  1	29.702	30.1	36.2	12	36.6	30	77	36.6	0	60.4	36.6	31	7
New York	2018-04-17T20:00:00.000Z	8PM	  1	29.712	30.1	35.7	7	36	31	79	35.9	0	61	36	33.8	3
New York	2018-04-17T21:00:00.000Z	9PM 	1	29.693	28.7	37	12	37.6	31	70	37.6	0	62	37.6	32.2	7
New York	2018-04-17T22:00:00.000Z	10PM	 1	29.668	29.7	38.4	11	39	30	69	39	0	62.7	39	35.3	5
New York	2018-04-17T23:00:00.000Z	11PM	 1	29.657	29.8	38.5	15	39.2	30	69	39.1	0	62.4	39.1	33.5	8
New York	2018-04-18T00:00:00.000Z	12AM	 1	29.639	29.8	38.9	10	39.5	31	68	39.4	0	61.9	39.5	35.2	6
New York	2018-04-18T01:00:00.000Z	1AM	  1	29.632	29.6	38.7	11	39.3	32	68	39.2	0	61.2	39.3	34.9	6
New York	2018-04-18T02:00:00.000Z	2AM	  1	29.865	31.6	38.5	4	38.9	39	75	38.9	0	58	38.9	37.1	3
New York	2018-04-18T03:00:00.000Z	3AM	  1	29.865	31.6	37.2	3	37.5	39	79	37.4	0	57.5	37.5	37	2
New York	2018-04-18T04:00:00.000Z	4AM	  1	29.865	32.1	36.3	5	36.5	39	84	36.4	0	57.2	36.5	33.3	4
New York	2018-04-18T05:00:00.000Z	5AM	  1	29.865	32	36.2	6	36.4	39	84	36.4	0	57.3	36.4	34.3	3
New York	2018-04-18T06:00:00.000Z	6AM	  1	29.865	30.2	34.2	7	34.5	32	84	34.5	0	59.2	34.5	30	5
New York	2018-04-18T07:00:00.000Z	7AM	  1	29.865	29	34.9	8	35.2	32	78	35.1	0	59	35.2	31.8	4
New York	2018-04-18T08:00:00.000Z	8AM 	1	29.865	28.8	34.9	5	35.3	31	77	35.3	0	59	35.3	33	3
New York	2018-04-18T09:00:00.000Z	9AM	  1	29.865	29.3	35.7	8	36.1	31	76	36	0	59.2	36.1	31.9	5
New York	2018-04-18T10:00:00.000Z	10AM	 1	29.865	21.6	62.9	7	68.2	23	17	68.1	0	78.2	68.1	68.1	5
New York	2018-04-18T11:00:00.000Z	11AM	 1	29.787	28.4	58.700	6	68.2	68.1	34	58.6	0.000	70.5	68.7	68.1	3
New York	2018-04-18T12:00:00.000Z	12PM	 1	29.839	17.5	58	5	63.1	25	17	63.1	0	69	63.1	63.1	2
New York	2018-04-18T13:00:00.000Z	1PM	  1	29.815	17.3	59.2	4	64.5	26	16	64.3	0	69.6	64.5	64.5	2
New York	2018-04-18T14:00:00.000Z	2PM	  1	29.796	16.1	61.3	3	66.9	26	14	66.7	0	70.5	66.9	66.9	2
New York	2018-04-18T15:00:00.000Z	3PM	  1	29.783	15.8	63.2	6	68.8	25	13	68.7	0	73.9	68.7	68.7	3
New York	2018-04-18T16:00:00.000Z	4PM 	1	29.756	18.4	64.7	6	69.8	23	14	69.7	0	82	69.8	69.8	3
New York	2018-04-18T17:00:00.000Z	5PM	  1	29.745	20.1	64.9	14	70	23	15	69.9	0	79.7	69.9	69.9	5
New York	2018-04-18T18:00:00.000Z	6PM	  1	29.739	21.6	62.9	7	68.2	23	17	68.1	0	78.2	68.1	68.1	5
New York	2018-04-18T19:00:00.000Z	7PM	  1	29.732	28.4	58.7	9	63	23	27	62.9	0	77.6	62.9	62.9	5
New York	2018-04-18T20:00:00.000Z	8PM	  1	29.76	30.3	55.5	7	58.7	24	34	58.6	0	74.1	58.6	58.6	4
New York	2018-04-18T21:00:00.000Z	9PM	  1	29.775	30.4	52.6	8	55	25	39	54.9	0	71.4	54.9	54.5	4
New York	2018-04-18T22:00:00.000Z	10PM	 1	29.787	29.787	50.4	2	52.3	26	41	52.2	0	69.4	52.3	52.3	1
New York	2018-04-18T23:00:00.000Z	11PM	 1	29.557	30.9	32.3	8	32.5	36	94	32.4	0	54.8	32.4	27.5	5
New York	2018-04-19T00:00:00.000Z	12AM	 1	29.594	27	36.6	9	37.4	30	66	37.3	0	61.7	37.3	32.5	6
New York	2018-04-19T01:00:00.000Z	1AM	  1	29.597	29.2	35.3	7	35.8	31	77	35.7	0	61.2	35.7	32.4	4
New York	2018-04-19T02:00:00.000Z	2AM	  1	29.593	28.6	35.7	7	36.1	31	74	36.1	0	60.7	36.1	32.8	4
New York	2018-04-19T03:00:00.000Z	3AM	  1	29.612	30.5	35.2	5	35.5	31	82	35.4	0	60.2	35.5	34.8	2
New York	2018-04-19T04:00:00.000Z	4AM	  1	29.617	31.2	33.9	5	34.1	31	89	34.1	0	59.6	34.1	33.3	2
New York	2018-04-19T05:00:00.000Z	5AM	  1	29.634	30.2	34.2	7	34.5	32	84	34.5	0	59.2	34.5	30	5
New York	2018-04-19T06:00:00.000Z	6AM	  1	29.645	29	34.9	8	35.2	32	78	35.1	0	59	35.2	31.8	4
New York	2018-04-19T07:00:00.000Z	7AM	  1	29.67	28.8	34.9	5	35.3	31	77	35.3	0	59	35.3	33	3
New York	2018-04-19T08:00:00.000Z	8AM	  1	29.685	29.3	35.7	8	36.1	31	76	36	0	59.2	36.1	31.9	5
New York	2018-04-19T09:00:00.000Z	9AM	  1	29.688	30.5	36.6	10	37	31	77	36.9	0	59.9	37	31.5	7
New York	2018-04-19T10:00:00.000Z	10AM	 1	29.702	30.1	36.2	12	36.6	30	77	36.6	0	60.4	36.6	31	7
New York	2018-04-19T11:00:00.000Z	11AM	 1	29.712	30.1	35.7	7	36	31	79	35.9	0	61	36	33.8	3
New York	2018-04-19T12:00:00.000Z	12PM	 1	29.839	17.5	58	5	63.1	25	17	63.1	0	69	63.1	63.1	2
New York	2018-04-19T13:00:00.000Z	1PM	  1	29.815	17.3	59.2	4	64.5	26	16	64.3	0	69.6	64.5	64.5	2
New York	2018-04-19T14:00:00.000Z	2PM	  1	29.796	16.1	61.3	3	66.9	26	14	66.7	0	70.5	66.9	66.9	2
New York	2018-04-19T15:00:00.000Z	3PM	  1	29.783	15.8	63.2	6	68.8	25	13	68.7	0	73.9	68.7	68.7	3
New York	2018-04-19T16:00:00.000Z	4PM	  1	29.756	18.4	64.7	6	69.8	23	14	69.7	0	82	69.8	69.8	3
New York	2018-04-19T17:00:00.000Z	5PM	  1	29.745	20.1	64.9	14	70	23	15	69.9	0	79.7	69.9	69.9	5
New York	2018-04-19T18:00:00.000Z	6PM	  1	29.739	21.6	62.9	7	68.2	23	17	68.1	0	78.2	68.1	68.1	5
New York	2018-04-19T19:00:00.000Z	7PM	  1	29.732	28.4	58.7	9	63	23	27	62.9	0	77.6	62.9	62.9	5
New York	2018-04-19T20:00:00.000Z	8PM	  1	29.76	30.3	55.5	7	58.7	24	34	58.6	0	74.1	58.6	58.6	4
New York	2018-04-19T21:00:00.000Z	9PM	  1	29.775	30.4	52.6	8	55	25	39	54.9	0	71.4	54.9	54.5	4
New York	2018-04-19T22:00:00.000Z	10PM	 1	29.787	29.3	50.4	2	52.3	26	41	52.2	0	69.4	52.3	52.3	1
New York	2018-04-19T23:00:00.000Z	11PM	 1	29.782	29	47	0	48.4	26	47	48.3	0	67.9	48.3	48.3	0
New York	2018-04-20T00:00:00.000Z	12AM	 1	29.745	20.1	64.9	14	70	23	15	69.9	0	79.7	69.9	69.9	5
New York	2018-04-20T01:00:00.000Z	1AM	  1	29.739	21.6	62.9	7	68.2	23	17	68.1	0	78.2	68.1	68.1	5
New York	2018-04-20T02:00:00.000Z	2AM	  1	29.732	28.4	58.7	9	63	23	27	62.9	0	77.6	62.9	62.9	5
New York	2018-04-20T03:00:00.000Z	3AM	  1	29.76	30.3	55.5	7	58.7	24	34	58.6	0	74.1	58.6	58.6	4
New York	2018-04-20T04:00:00.000Z	4AM	  1	29.775	30.4	52.6	8	55	25	39	54.9	0	71.4	54.9	54.5	4
New York	2018-04-20T05:00:00.000Z	5AM	  1	29.787	29.3	50.4	2	52.3	26	41	52.2	0	69.4	52.3	52.3	1
New York	2018-04-20T06:00:00.000Z	6AM	  1	29.865	31.6	38.5	4	38.9	39	75	38.9	0	58	38.9	37.1	3
New York	2018-04-20T07:00:00.000Z	7AM	  1	29.865	31.6	37.2	3	37.5	39	79	37.4	0	57.5	37.5	37	2
New York	2018-04-20T08:00:00.000Z	8AM	  1	29.865	32.1	36.3	5	36.5	39	84	36.4	0	57.2	36.5	33.3	4
New York	2018-04-20T09:00:00.000Z	9AM	  1	29.865	32	36.2	6	36.4	39	84	36.4	0	57.3	36.4	34.3	3
New York	2018-04-20T10:00:00.000Z	10AM	1	29.593	28.6	35.7	7	36.1	31	74	36.1	0	60.7	36.1	32.8	4
New York	2018-04-20T11:00:00.000Z	11AM	1	29.865	18.1	55.9	6	60.7	25	19	60.6	0	68	60.6	60.6	5
New York	2018-04-20T12:00:00.000Z	12PM	1	29.839	17.5	58	5	63.1	25	17	63.1	0	69	63.1	63.1	2
New York	2018-04-20T13:00:00.000Z	1PM	  1	29.815	17.3	59.2	4	64.5	26	16	64.3	0	69.6	64.5	64.5	2
New York	2018-04-20T14:00:00.000Z	2PM	  1	29.796	16.1	61.3	3	66.9	26	14	66.7	0	70.5	66.9	66.9	2
New York	2018-04-20T15:00:00.000Z	3PM	  1	29.783	15.8	63.2	6	68.8	25	13	68.7	0	73.9	68.7	68.7	3
New York	2018-04-20T16:00:00.000Z	4PM	  1	29.756	18.4	64.7	6	69.8	23	14	69.7	0	82	69.8	69.8	3
New York	2018-04-20T17:00:00.000Z	5PM	  1	29.745	20.1	64.9	14	70	23	15	69.9	0	79.7	69.9	69.9	5
New York	2018-04-20T18:00:00.000Z	6PM	  1	29.739	21.6	62.9	7	68.2	23	17	68.1	0	78.2	68.1	68.1	5
New York	2018-04-20T19:00:00.000Z	7PM	  1	29.732	28.4	58.7	9	63	23	27	62.9	0	77.6	62.9	62.9	5
New York	2018-04-20T20:00:00.000Z	8PM	  1	29.76	30.3	55.5	7	58.7	24	34	58.6	0	74.1	58.6	58.6	4
New York	2018-04-20T21:00:00.000Z	9PM	  1	29.775	30.4	52.6	8	55	25	39	54.9	0	71.4	54.9	54.5	4
New York	2018-04-20T22:00:00.000Z	10PM	1	29.787	29.3	50.4	2	52.3	26	41	52.2	0	69.4	52.3	52.3	1
New York	2018-04-20T23:00:00.000Z	11PM	1	29.782	29	47	0	48.4	26	47	48.3	0	67.9	48.3	48.3	0
New York	2018-04-21T00:00:00.000Z	12AM	1	29.787	29.3	50.4	2	52.3	26	41	52.2	0	69.4	52.3	52.3	1
New York	2018-04-21T01:00:00.000Z	1AM	  1	29.557	30.9	32.3	8	32.5	36	94	32.4	0	54.8	32.4	27.5	5
New York	2018-04-21T02:00:00.000Z	2AM	  1	29.594	27	36.6	9	37.4	30	66	37.3	0	61.7	37.3	32.5	6
New York	2018-04-21T03:00:00.000Z	3AM	  1	29.597	29.2	35.3	7	35.8	31	77	35.7	0	61.2	35.7	32.4	4
New York	2018-04-21T04:00:00.000Z	4AM	  1	29.593	28.6	35.7	7	36.1	31	74	36.1	0	60.7	36.1	32.8	4
New York	2018-04-21T05:00:00.000Z	5AM	  1	29.612	30.5	35.2	5	35.5	31	82	35.4	0	60.2	35.5	34.8	2
New York	2018-04-21T06:00:00.000Z	6AM	  1	29.617	31.2	33.9	5	34.1	31	89	34.1	0	59.6	34.1	33.3	2
New York	2018-04-21T07:00:00.000Z	7AM	  1	29.634	30.2	34.2	7	34.5	32	84	34.5	0	59.2	34.5	30	5
New York	2018-04-21T08:00:00.000Z	8AM	  1	29.712	30.1	35.7	7	36	31	79	35.9	0	61	36	33.8	3
New York	2018-04-21T09:00:00.000Z	9AM	  1	29.693	28.7	37	12	37.6	31	70	37.6	0	62	37.6	32.2	7
New York	2018-04-21T09:00:00.000Z	10AM	1	29.668	29.7	38.4	11	39	30	69	39	0	62.7	39	35.3	5
New York	2018-04-21T11:00:00.000Z	11AM	1	29.865	18.1	55.9	6	60.7	25	19	60.6	0	68	60.6	60.6	5
New York	2018-04-21T12:00:00.000Z	12PM	1	29.839	17.5	58	5	63.1	25	17	63.1	0	69	63.1	63.1	2
New York	2018-04-21T13:00:00.000Z	1PM	  1	29.815	17.3	59.2	4	64.5	26	16	64.3	0	69.6	64.5	64.5	2
New York	2018-04-21T14:00:00.000Z	2PM	  1	29.796	16.1	61.3	3	66.9	26	14	66.7	0	70.5	66.9	66.9	2
New York	2018-04-21T15:00:00.000Z	3PM	  1	29.783	15.8	63.2	6	68.8	25	13	68.7	0	73.9	68.7	68.7	3
New York	2018-04-21T16:00:00.000Z	4PM	  1	29.756	18.4	64.7	6	69.8	23	14	69.7	0	82	69.8	69.8	3
New York	2018-04-21T17:00:00.000Z	5PM	  1	29.745	20.1	64.9	14	70	23	15	69.9	0	79.7	69.9	69.9	5
New York	2018-04-21T18:00:00.000Z	6PM	  1	29.739	21.6	62.9	7	68.2	23	17	68.1	0	78.2	68.1	68.1	5
New York	2018-04-21T19:00:00.000Z	7PM	  1	29.732	28.4	58.7	9	63	23	27	62.9	0	77.6	62.9	62.9	5
New York	2018-04-21T20:00:00.000Z	8PM	  1	29.76	30.3	55.5	7	58.7	24	34	58.6	0	74.1	58.6	58.6	4
New York	2018-04-21T21:00:00.000Z	9PM	  1	29.775	30.4	52.6	8	55	25	39	54.9	0	71.4	54.9	54.5	4
New York	2018-04-21T22:00:00.000Z	10PM	1	29.787	29.3	50.4	2	52.3	26	41	52.2	0	69.4	52.3	52.3	1
New York	2018-04-21T23:00:00.000Z	11PM	1	29.782	29	47	0	48.4	26	47	48.3	0	67.9	48.3	48.3	0
New York	2018-04-23T00:00:00.000Z	12AM	1	29.688	30.5	36.6	10	37	31	77	36.9	0	59.9	37	31.5	7
New York	2018-04-23T01:00:00.000Z	1AM	  1	29.702	30.1	36.2	12	36.6	30	77	36.6	0	60.4	36.6	31	7
New York	2018-04-23T02:00:00.000Z	2AM	  1	29.712	30.1	35.7	7	36	31	79	35.9	0	61	36	33.8	3
New York	2018-04-23T03:00:00.000Z	3AM	  1	29.693	28.7	37	12	37.6	31	70	37.6	0	62	37.6	32.2	7
New York	2018-04-23T04:00:00.000Z	4AM	  1	29.668	29.7	38.4	11	39	30	69	39	0	62.7	39	35.3	5
New York	2018-04-23T05:00:00.000Z	5AM	  1	29.657	29.8	38.5	15	39.2	30	69	39.1	0	62.4	39.1	33.5	8
New York	2018-04-23T06:00:00.000Z	6AM	  1	29.639	29.8	38.9	10	39.5	31	68	39.4	0	61.9	39.5	35.2	6
New York	2018-04-23T07:00:00.000Z	7AM  	1	29.688	30.5	36.6	10	37	31	77	36.9	0	59.9	37	31.5	7
New York	2018-04-23T08:00:00.000Z	8AM	  1	29.702	30.1	36.2	12	36.6	30	77	36.6	0	60.4	36.6	31	7
New York	2018-04-23T09:00:00.000Z	9AM	  1	29.712	30.1	35.7	7	36	31	79	35.9	0	61	36	33.8	3
New York	2018-04-23T10:00:00.000Z	10AM	1	29.693	28.7	37	12	37.6	31	70	37.6	0	62	37.6	32.2	7
New York	2018-04-23T11:00:00.000Z	11AM	1	29.865	18.1	55.9	6	60.7	25	19	60.6	0	68	60.6	60.6	5
New York	2018-04-23T12:00:00.000Z	12PM	1	29.839	17.5	58	5	63.1	25	17	63.1	0	69	63.1	63.1	2
New York	2018-04-23T13:00:00.000Z	1PM	  1	29.815	17.3	59.2	4	64.5	26	16	64.3	0	69.6	64.5	64.5	2
New York	2018-04-23T14:00:00.000Z	2PM	  1	29.796	16.1	61.3	3	66.9	26	14	66.7	0	70.5	66.9	66.9	2
New York	2018-04-23T15:00:00.000Z	3PM	  1	29.783	15.8	63.2	6	68.8	25	13	68.7	0	73.9	68.7	68.7	3
New York	2018-04-23T16:00:00.000Z	4PM	  1	29.756	18.4	64.7	6	69.8	23	14	69.7	0	82	69.8	69.8	3
New York	2018-04-23T17:00:00.000Z	5PM	  1	29.745	20.1	64.9	14	70	23	15	69.9	0	79.7	69.9	69.9	5
New York	2018-04-23T18:00:00.000Z	6PM	  1	29.739	21.6	62.9	7	68.2	23	17	68.1	0	78.2	68.1	68.1	5
New York	2018-04-23T19:00:00.000Z	7PM	  1	29.732	28.4	58.7	9	63	23	27	62.9	0	77.6	62.9	62.9	5
New York	2018-04-23T20:00:00.000Z	8PM	  1	29.76	30.3	55.5	7	58.7	24	34	58.6	0	74.1	58.6	58.6	4
New York	2018-04-23T21:00:00.000Z	9PM	  1	29.775	30.4	52.6	8	55	25	39	54.9	0	71.4	54.9	54.5	4
New York	2018-04-23T22:00:00.000Z	10PM	1	29.787	29.3	50.4	2	52.3	26	41	52.2	0	69.4	52.3	52.3	1
New York	2018-04-23T23:00:00.000Z	11PM	1	29.782	29	47	0	48.4	26	47	48.3	0	67.9	48.3	48.3	0
New York	2018-04-24T00:00:00.000Z	12AM	1	29.541	44.2	49.5	2	49.5	33	82	49.5	0	67.5	49.5	49.5	1
New York	2018-04-24T01:00:00.000Z	1AM	  1	29.776	30.6	40.4	0	41.2	27	66	41.1	0	65.4	41.1	41.1	0
New York	2018-04-24T02:00:00.000Z	2AM	  1	29.763	29.8	38.9	0	39.5	27	68	39.4	0	64.5	39.5	39.5	0
New York	2018-04-24T03:00:00.000Z	3AM	  1	29.753	29.9	37	0	37.4	27	74	37.4	0	63.6	37.4	37.4	0
New York	2018-04-24T04:00:00.000Z	4AM	  1	29.753	29.8	35.7	0	36	27	78	36	0	62.9	36	36	0
New York	2018-04-24T05:00:00.000Z	5AM	  1	29.743	29.2	34.1	0	34.5	28	81	34.4	0	62.1	34.4	34.4	0
New York	2018-04-24T06:00:00.000Z	6AM	  1	29.746	29.4	33.4	1	33.7	28	84	33.7	0	61.4	33.7	33.7	1
New York	2018-04-24T07:00:00.000Z	7AM	  1	29.758	30.9	35	0	35.2	28	84	35.1	0	61.1	35.2	35.2	0
New York	2018-04-24T08:00:00.000Z	8AM	  1	29.765	35.1	45.5	2	46.2	28	65	46	0	61.6	46.2	46.2	1
New York	2018-04-24T09:00:00.000Z	9AM	  1	29.757	30.7	51.8	2	53.9	28	41	53.8	0	65	53.9	53.9	1
New York	2018-04-24T10:00:00.000Z	10AM	1	29.75	25.6	55.1	11	58.7	28	28	58.7	0	65.9	58.7	58	6
New York	2018-04-24T11:00:00.000Z	11AM	1	29.731	30.6	58.1	9	61.7	28	31	61.6	0	68.4	61.6	61.6	4
New York	2018-04-24T12:00:00.000Z	12PM	1	29.706	34.4	60	12	63.3	28	34	63.1	0	70.1	63.3	63.3	4
New York	2018-04-24T13:00:00.000Z	1PM	  1	29.675	36.6	61	11	64.1	28	36	64.1	0	72.2	64.1	64.1	7
New York	2018-04-24T14:00:00.000Z	2PM	  1	29.655	38.2	62.9	11	65.9	29	36	65.9	0	71.9	65.9	65.9	7
New York	2018-04-24T15:00:00.000Z	3PM	  1	29.628	38.5	61.8	11	64.8	28	38	64.7	0	75.5	64.7	64.7	7
New York	2018-04-24T16:00:00.000Z	4PM	  1	29.613	39.4	61.6	14	64.3	27	40	64.3	0	79.9	64.3	64.2	8
New York	2018-04-24T17:00:00.000Z	5PM	  1	29.596	39.5	60.5	9	63.1	27	42	63	0	78.3	63	63	6
New York	2018-04-24T18:00:00.000Z	6PM	  1	29.596	41.3	57.6	8	59.5	28	51	59.4	0	76	59.5	59.5	4
New York	2018-04-24T19:00:00.000Z	7PM	  1	29.581	41.3	56.2	7	58	29	54	57.9	0	73.8	57.9	57.9	4
New York	2018-04-24T20:00:00.000Z	8PM	  1	29.573	41.7	55.3	3	56.9	31	57	56.8	0	71.4	56.8	56.8	2
New York	2018-04-24T21:00:00.000Z	9PM	  1	29.593	41.8	55	5	56.4	31	58	56.4	0	70.1	56.4	56.4	3
New York	2018-04-24T22:00:00.000Z	10PM	1	29.577	41.5	53.9	4	55.2	32	60	55.1	0	69.2	55.2	55.2	1
New York	2018-04-24T23:00:00.000Z	11PM	1	29.559	42.2	52.7	6	53.8	32	65	53.7	0	68.6	53.7	53.7	3
New York	2018-04-25T00:00:00.000Z	12AM	1	29.541	44.2	49.5	2	49.5	33	82	49.5	0	67.5	49.5	49.5	1
New York	2018-04-25T01:00:00.000Z	1AM	  1	29.514	44.6	48.1	4	48.1	35	88	48	0	66.7	48	48	2
New York	2018-04-25T02:00:00.000Z	2AM	  1	29.475	44.5	47.2	3	47	36	91	47	0	65.7	47	47	1
New York	2018-04-25T03:00:00.000Z	3AM	  1	29.444	45	47.2	2	47	37	93	46.9	0	65.1	46.9	46.9	1
New York	2018-04-25T04:00:00.000Z	4AM	  1	29.417	45.5	47.4	2	47.1	38	94	47.1	0	64.8	47.1	47.1	1
New York	2018-04-25T05:00:00.000Z	5AM	  1	29.383	45.8	47.5	6	47.2	39	95	47.2	0	64.5	47.2	47.2	2
New York	2018-04-25T06:00:00.000Z	6AM	  1	29.367	46.6	48.1	3	47.7	40	96	47.7	0	64.3	47.7	47.7	2
New York	2018-04-25T07:00:00.000Z	7AM	  1	29.345	46.6	48.1	5	47.8	40	96	47.7	0	64	47.7	47.7	2
New York	2018-04-25T08:00:00.000Z	8AM	  1	29.324	47.1	48.7	5	48.3	41	96	48.2	0	64.1	48.2	48.2	2
New York	2018-04-25T09:00:00.000Z	9AM	  1	29.753	29.8	35.7	0	39.5	27	68	39.4	0	64.5	39.5	39.5	0
New York	2018-04-25T10:00:00.000Z	10AM	1	29.743	29.2	34.1	0	37.4	27	74	37.4	0	63.6	37.4	37.4	0
New York	2018-04-25T11:00:00.000Z	11AM	1	29.746	29.4	33.4	0	36	27	78	36	0	62.9	36	36	0
New York	2018-04-25T12:00:00.000Z	12PM	1	29.758	30.9	35	0	34.5	28	81	34.4	0	62.1	34.4	34.4	0
New York	2018-04-25T13:00:00.000Z	1PM	  1	29.765	35.1	45.5	1	33.7	28	84	33.7	0	61.4	33.7	33.7	1
New York	2018-04-25T14:00:00.000Z	2PM	  1	29.757	30.7	51.8	0	35.2	28	84	35.1	0	61.1	35.2	35.2	0
New York	2018-04-25T15:00:00.000Z	3PM	  1	29.75	25.6	55.1	2	46.2	28	65	46	0	61.6	46.2	46.2	1
New York	2018-04-25T16:00:00.000Z	4PM	  1	29.731	30.6	58.1	2	53.9	28	41	53.8	0	65	53.9	53.9	1
New York	2018-04-25T17:00:00.000Z	5PM	  1	29.706	34.4	60	11	58.7	28	28	58.7	0	65.9	58.7	58	6
New York	2018-04-25T18:00:00.000Z	6PM	  1	29.675	36.6	61	9	61.7	28	31	61.6	0	68.4	61.6	61.6	4
New York	2018-04-19T08:00:00.000Z	7PM	  1	29.655	38.2	62.9	12	63.3	28	34	63.1	0	70.1	63.3	63.3	4
New York	2018-04-20T20:00:00.000Z	8PM	  1	29.628	38.5	61.8	11	64.1	28	36	64.1	0	72.2	64.1	64.1	7
New York	2018-04-21T21:00:00.000Z	9PM	  1	29.613	39.4	61.6	11	65.9	29	36	65.9	0	71.9	65.9	65.9	7
New York	2018-04-22T22:00:00.000Z	10PM	1	29.581	41.3	56.2	11	64.8	28	38	64.7	0	75.5	64.7	64.7	7
New York	2018-04-25T23:00:00.000Z	11PM	1	29.573	41.7	55.3	14	64.3	27	40	64.3	0	79.9	64.3	64.2	8
